InstanceID,h*(s),h(s),h*/h
1.0,463.0,373.0,1.2412868632707774,
2.0,574.0,390.0,1.471794871794872,
3.0,770.0,364.0,2.1153846153846154,
4.0,438.0,406.0,1.0788177339901477,
5.0,872.0,662.0,1.3172205438066464,
6.0,495.0,373.0,1.3270777479892761,
7.0,656.0,566.0,1.1590106007067138,
8.0,478.0,362.0,1.3204419889502763,
9.0,596.0,452.0,1.3185840707964602,
10.0,480.0,416.0,1.1538461538461537,
11.0,554.0,518.0,1.0694980694980696,
12.0,423.0,383.0,1.1044386422976502,
13.0,866.0,476.0,1.819327731092437,
14.0,461.0,357.0,1.2913165266106443,
15.0,646.0,528.0,1.2234848484848484,
16.0,810.0,376.0,2.154255319148936,
17.0,567.0,475.0,1.1936842105263157,
18.0,389.0,389.0,1.0,
19.0,654.0,402.0,1.626865671641791,
20.0,614.0,522.0,1.1762452107279693,
21.0,496.0,478.0,1.0376569037656904,
22.0,958.0,420.0,2.280952380952381,
23.0,744.0,390.0,1.9076923076923078,
24.0,751.0,357.0,2.103641456582633,
25.0,674.0,542.0,1.2435424354243543,
26.0,736.0,610.0,1.2065573770491804,
27.0,395.0,389.0,1.0154241645244215,
28.0,569.0,479.0,1.187891440501044,
29.0,499.0,423.0,1.1796690307328606,
30.0,869.0,677.0,1.2836041358936485,
31.0,633.0,375.0,1.688,
32.0,801.0,483.0,1.6583850931677018,
33.0,408.0,354.0,1.152542372881356,
34.0,740.0,444.0,1.6666666666666667,
35.0,538.0,412.0,1.3058252427184467,
36.0,508.0,394.0,1.2893401015228427,
37.0,546.0,410.0,1.3317073170731708,
38.0,714.0,600.0,1.19,
39.0,548.0,420.0,1.3047619047619048,
40.0,884.0,648.0,1.3641975308641976,
41.0,698.0,540.0,1.2925925925925925,
42.0,886.0,442.0,2.004524886877828,
43.0,432.0,432.0,1.0,
44.0,462.0,396.0,1.1666666666666667,
45.0,999.0,425.0,2.3505882352941176,
46.0,431.0,361.0,1.1939058171745152,
47.0,761.0,657.0,1.1582952815829528,
48.0,754.0,412.0,1.8300970873786409,
49.0,554.0,440.0,1.259090909090909,
50.0,642.0,508.0,1.263779527559055,
51.0,871.0,729.0,1.1947873799725652,
52.0,995.0,469.0,2.121535181236674,
53.0,805.0,389.0,2.069408740359897,
54.0,406.0,370.0,1.0972972972972972,
55.0,398.0,398.0,1.0,
56.0,527.0,413.0,1.2760290556900726,
57.0,784.0,412.0,1.9029126213592233,
58.0,571.0,437.0,1.3066361556064072,
59.0,604.0,496.0,1.217741935483871,
60.0,491.0,387.0,1.268733850129199,
61.0,656.0,472.0,1.3898305084745763,
62.0,368.0,368.0,1.0,
63.0,452.0,362.0,1.2486187845303867,
64.0,512.0,386.0,1.3264248704663213,
65.0,506.0,430.0,1.1767441860465115,
66.0,582.0,370.0,1.572972972972973,
67.0,601.0,535.0,1.1233644859813083,
68.0,513.0,383.0,1.3394255874673628,
69.0,551.0,455.0,1.210989010989011,
70.0,412.0,386.0,1.067357512953368,
71.0,667.0,467.0,1.4282655246252676,
72.0,574.0,450.0,1.2755555555555556,
73.0,712.0,584.0,1.2191780821917808,
74.0,513.0,379.0,1.353562005277045,
75.0,518.0,438.0,1.182648401826484,
76.0,798.0,388.0,2.056701030927835,
77.0,717.0,403.0,1.7791563275434243,
78.0,442.0,370.0,1.1945945945945946,
79.0,627.0,487.0,1.2874743326488707,
80.0,580.0,490.0,1.183673469387755,
81.0,515.0,441.0,1.1678004535147393,
82.0,618.0,498.0,1.2409638554216869,
83.0,811.0,465.0,1.7440860215053764,
84.0,565.0,453.0,1.2472406181015452,
85.0,895.0,357.0,2.507002801120448,
86.0,642.0,528.0,1.2159090909090908,
87.0,525.0,433.0,1.2124711316397228,
88.0,709.0,603.0,1.175787728026534,
89.0,640.0,502.0,1.2749003984063745,
90.0,525.0,435.0,1.206896551724138,
91.0,487.0,383.0,1.2715404699738904,
92.0,456.0,434.0,1.0506912442396312,
93.0,697.0,573.0,1.2164048865619546,
94.0,734.0,384.0,1.9114583333333333,
95.0,588.0,484.0,1.2148760330578512,
96.0,457.0,413.0,1.1065375302663438,
97.0,386.0,354.0,1.0903954802259888,
98.0,693.0,573.0,1.2094240837696335,
99.0,483.0,449.0,1.0757238307349666,
100.0,473.0,383.0,1.2349869451697129,
