InstanceID,h*(s),h(s),h*/h
1.0,55.0,38.0,1.4473684210526316,
2.0,109.0,54.0,2.0185185185185186,
3.0,114.0,29.0,3.9310344827586206,
4.0,85.0,33.0,2.5757575757575757,
5.0,116.0,23.0,5.043478260869565,
6.0,119.0,45.0,2.6444444444444444,
7.0,56.0,38.0,1.4736842105263157,
8.0,137.0,38.0,3.6052631578947367,
9.0,71.0,25.0,2.84,
10.0,79.0,33.0,2.393939393939394,
11.0,61.0,43.0,1.4186046511627908,
12.0,73.0,28.0,2.607142857142857,
13.0,152.0,28.0,5.428571428571429,
14.0,60.0,39.0,1.5384615384615385,
15.0,98.0,28.0,3.5,
16.0,55.0,33.0,1.6666666666666667,
17.0,80.0,34.0,2.3529411764705883,
18.0,104.0,29.0,3.586206896551724,
19.0,83.0,33.0,2.515151515151515,
20.0,70.0,49.0,1.4285714285714286,
21.0,118.0,39.0,3.0256410256410255,
22.0,51.0,33.0,1.5454545454545454,
23.0,62.0,43.0,1.441860465116279,
24.0,146.0,29.0,5.0344827586206895,
25.0,58.0,39.0,1.4871794871794872,
26.0,51.0,34.0,1.5,
27.0,70.0,29.0,2.413793103448276,
28.0,79.0,34.0,2.323529411764706,
29.0,51.0,33.0,1.5454545454545454,
30.0,70.0,53.0,1.320754716981132,
31.0,93.0,40.0,2.325,
32.0,49.0,28.0,1.75,
33.0,90.0,39.0,2.3076923076923075,
34.0,92.0,23.0,4.0,
35.0,59.0,38.0,1.5526315789473684,
36.0,105.0,48.0,2.1875,
37.0,56.0,38.0,1.4736842105263157,
38.0,107.0,30.0,3.566666666666667,
39.0,144.0,28.0,5.142857142857143,
40.0,74.0,28.0,2.642857142857143,
41.0,127.0,23.0,5.521739130434782,
42.0,174.0,30.0,5.8,
43.0,102.0,28.0,3.642857142857143,
44.0,174.0,30.0,5.8,
45.0,51.0,33.0,1.5454545454545454,
46.0,48.0,30.0,1.6,
47.0,54.0,35.0,1.542857142857143,
48.0,112.0,29.0,3.8620689655172415,
49.0,122.0,38.0,3.210526315789474,
50.0,88.0,70.0,1.2571428571428571,
51.0,77.0,30.0,2.566666666666667,
52.0,56.0,36.0,1.5555555555555556,
53.0,73.0,29.0,2.5172413793103448,
54.0,74.0,33.0,2.242424242424242,
55.0,69.0,28.0,2.4642857142857144,
56.0,77.0,34.0,2.264705882352941,
57.0,95.0,25.0,3.8,
58.0,57.0,39.0,1.4615384615384615,
59.0,84.0,39.0,2.1538461538461537,
60.0,84.0,39.0,2.1538461538461537,
61.0,79.0,28.0,2.8214285714285716,
62.0,70.0,29.0,2.413793103448276,
63.0,134.0,24.0,5.583333333333333,
64.0,79.0,33.0,2.393939393939394,
65.0,96.0,23.0,4.173913043478261,
66.0,73.0,28.0,2.607142857142857,
67.0,75.0,28.0,2.6785714285714284,
68.0,53.0,34.0,1.5588235294117647,
69.0,68.0,28.0,2.4285714285714284,
70.0,132.0,33.0,4.0,
71.0,106.0,28.0,3.7857142857142856,
72.0,103.0,33.0,3.121212121212121,
73.0,61.0,29.0,2.103448275862069,
74.0,46.0,28.0,1.6428571428571428,
75.0,121.0,38.0,3.1842105263157894,
76.0,73.0,30.0,2.433333333333333,
77.0,50.0,33.0,1.5151515151515151,
78.0,125.0,24.0,5.208333333333333,
79.0,63.0,45.0,1.4,
80.0,80.0,34.0,2.3529411764705883,
81.0,91.0,39.0,2.3333333333333335,
82.0,52.0,34.0,1.5294117647058822,
83.0,135.0,33.0,4.090909090909091,
84.0,70.0,30.0,2.3333333333333335,
85.0,57.0,38.0,1.5,
86.0,91.0,51.0,1.7843137254901962,
87.0,138.0,28.0,4.928571428571429,
88.0,47.0,29.0,1.6206896551724137,
89.0,113.0,34.0,3.323529411764706,
90.0,117.0,30.0,3.9,
