InstanceID,h*(s),h(s),h*/h
1.0,57.0,41.0,1.3902439024390243,
2.0,55.0,43.0,1.2790697674418605,
3.0,59.0,41.0,1.4390243902439024,
4.0,56.0,42.0,1.3333333333333333,
5.0,56.0,42.0,1.3333333333333333,
6.0,52.0,36.0,1.4444444444444444,
7.0,52.0,30.0,1.7333333333333334,
8.0,50.0,32.0,1.5625,
9.0,46.0,32.0,1.4375,
10.0,59.0,43.0,1.372093023255814,
11.0,57.0,43.0,1.3255813953488371,
12.0,45.0,35.0,1.2857142857142858,
13.0,46.0,36.0,1.2777777777777777,
14.0,59.0,41.0,1.4390243902439024,
15.0,62.0,44.0,1.4090909090909092,
16.0,42.0,24.0,1.75,
17.0,66.0,46.0,1.434782608695652,
18.0,55.0,43.0,1.2790697674418605,
19.0,46.0,36.0,1.2777777777777777,
20.0,52.0,36.0,1.4444444444444444,
21.0,54.0,34.0,1.588235294117647,
22.0,59.0,41.0,1.4390243902439024,
23.0,49.0,33.0,1.4848484848484849,
24.0,54.0,34.0,1.588235294117647,
25.0,52.0,32.0,1.625,
26.0,58.0,40.0,1.45,
27.0,53.0,33.0,1.606060606060606,
28.0,52.0,36.0,1.4444444444444444,
29.0,54.0,38.0,1.4210526315789473,
30.0,47.0,35.0,1.3428571428571427,
31.0,50.0,38.0,1.3157894736842106,
32.0,59.0,43.0,1.372093023255814,
33.0,60.0,42.0,1.4285714285714286,
34.0,52.0,36.0,1.4444444444444444,
35.0,55.0,39.0,1.4102564102564104,
36.0,52.0,36.0,1.4444444444444444,
37.0,58.0,40.0,1.45,
38.0,53.0,41.0,1.2926829268292683,
39.0,49.0,35.0,1.4,
40.0,54.0,36.0,1.5,
41.0,54.0,36.0,1.5,
42.0,42.0,30.0,1.4,
43.0,64.0,48.0,1.3333333333333333,
44.0,50.0,32.0,1.5625,
45.0,51.0,39.0,1.3076923076923077,
46.0,49.0,35.0,1.4,
47.0,47.0,35.0,1.3428571428571427,
48.0,49.0,39.0,1.2564102564102564,
49.0,59.0,33.0,1.7878787878787878,
50.0,53.0,39.0,1.358974358974359,
51.0,56.0,44.0,1.2727272727272727,
52.0,56.0,38.0,1.4736842105263157,
53.0,64.0,50.0,1.28,
54.0,56.0,40.0,1.4,
55.0,41.0,29.0,1.4137931034482758,
56.0,55.0,29.0,1.896551724137931,
57.0,50.0,36.0,1.3888888888888888,
58.0,51.0,37.0,1.3783783783783783,
59.0,57.0,35.0,1.6285714285714286,
60.0,66.0,48.0,1.375,
61.0,45.0,31.0,1.4516129032258065,
62.0,57.0,43.0,1.3255813953488371,
63.0,56.0,40.0,1.4,
64.0,51.0,31.0,1.6451612903225807,
65.0,47.0,31.0,1.5161290322580645,
66.0,61.0,41.0,1.4878048780487805,
67.0,50.0,28.0,1.7857142857142858,
68.0,51.0,31.0,1.6451612903225807,
69.0,53.0,37.0,1.4324324324324325,
70.0,52.0,30.0,1.7333333333333334,
71.0,44.0,30.0,1.4666666666666666,
72.0,56.0,38.0,1.4736842105263157,
73.0,49.0,37.0,1.3243243243243243,
74.0,56.0,46.0,1.2173913043478262,
75.0,48.0,30.0,1.6,
76.0,57.0,41.0,1.3902439024390243,
77.0,54.0,34.0,1.588235294117647,
78.0,53.0,41.0,1.2926829268292683,
79.0,42.0,28.0,1.5,
80.0,57.0,43.0,1.3255813953488371,
81.0,53.0,39.0,1.358974358974359,
82.0,62.0,40.0,1.55,
83.0,49.0,31.0,1.5806451612903225,
84.0,55.0,37.0,1.4864864864864864,
85.0,44.0,32.0,1.375,
86.0,45.0,35.0,1.2857142857142858,
87.0,52.0,34.0,1.5294117647058822,
88.0,65.0,43.0,1.5116279069767442,
89.0,54.0,38.0,1.4210526315789473,
90.0,50.0,36.0,1.3888888888888888,
91.0,57.0,41.0,1.3902439024390243,
92.0,57.0,37.0,1.5405405405405406,
93.0,46.0,34.0,1.3529411764705883,
94.0,53.0,45.0,1.1777777777777778,
95.0,50.0,34.0,1.4705882352941178,
96.0,49.0,35.0,1.4,
97.0,44.0,32.0,1.375,
98.0,54.0,34.0,1.588235294117647,
99.0,57.0,39.0,1.4615384615384615,
100.0,54.0,38.0,1.4210526315789473,
