InstanceID,h,opt
1,1,1
1,2,3
1,3,5
1,4,7
1,5,8
1,6,9
1,7,10
1,8,12
1,9,13
1,10,14
1,11,15
1,12,16
1,13,17
1,14,17
1,15,18
1,16,19
1,17,19
1,18,21
1,19,22
1,20,23
1,21,24
1,22,25
1,23,26
1,24,27
1,25,28
1,26,29
1,27,29
1,28,30
1,29,31
1,30,32
1,31,32
1,32,33
1,33,34
1,34,35
1,35,36
1,36,37
1,37,38
1,38,39
1,39,40
2,1,1
2,2,3
2,3,4
2,4,5
2,5,7
2,6,9
2,7,10
2,8,11
2,9,12
2,10,13
2,11,13
2,12,15
2,13,16
2,14,18
2,15,18
2,16,19
2,17,21
2,18,22
2,19,22
2,20,24
2,21,24
2,22,25
2,23,26
2,24,27
2,25,28
2,26,29
2,27,30
2,28,30
2,29,31
2,30,31
2,31,32
2,32,33
2,33,34
2,34,35
2,35,36
2,36,37
2,37,38
2,38,39
2,39,40
3,1,1
3,2,3
3,3,4
3,4,5
3,5,6
3,6,7
3,7,8
3,8,9
3,9,11
3,10,12
3,11,13
3,12,14
3,13,15
3,14,16
3,15,18
3,16,19
3,17,20
3,18,21
3,19,23
3,20,-1
3,21,-1
3,22,25
3,23,26
3,24,27
3,25,27
3,26,28
3,27,29
3,28,30
3,29,31
3,30,32
3,31,33
3,32,34
3,33,35
3,34,-1
3,35,-1
3,36,37
3,37,38
3,38,39
4,1,1
4,2,3
4,3,4
4,4,5
4,5,6
4,6,7
4,7,9
4,8,10
4,9,12
4,10,13
4,11,14
4,12,15
4,13,15
4,14,16
4,15,17
4,16,18
4,17,20
4,18,21
4,19,22
4,20,23
4,21,24
4,22,25
4,23,26
4,24,27
4,25,27
4,26,28
4,27,29
4,28,30
4,29,31
4,30,32
4,31,33
4,32,33
4,33,34
4,34,35
4,35,36
4,36,37
4,37,38
5,1,1
5,2,4
5,3,4
5,4,5
5,5,6
5,6,8
5,7,9
5,8,10
5,9,12
5,10,13
5,11,14
5,12,15
5,13,16
5,14,17
5,15,18
5,16,19
5,17,20
5,18,21
5,19,22
5,20,23
5,21,24
5,22,25
5,23,25
5,24,26
5,25,27
5,26,28
5,27,29
5,28,30
5,29,31
5,30,32
5,31,32
5,32,33
5,33,34
5,34,35
5,35,36
5,36,37
5,37,38
5,38,39
6,1,1
6,2,3
6,3,4
6,4,6
6,5,7
6,6,8
6,7,8
6,8,9
6,9,11
6,10,12
6,11,13
6,12,15
6,13,16
6,14,17
6,15,18
6,16,19
6,17,20
6,18,21
6,19,22
6,20,23
6,21,24
6,22,24
6,23,25
6,24,26
6,25,27
6,26,28
6,27,29
6,28,30
6,29,30
6,30,31
6,31,32
6,32,33
6,33,34
6,34,35
6,35,36
6,36,37
6,37,37
7,1,1
7,2,4
7,3,4
7,4,6
7,5,7
7,6,9
7,7,9
7,8,11
7,9,12
7,10,13
7,11,14
7,12,15
7,13,16
7,14,17
7,15,18
7,16,19
7,17,20
7,18,21
7,19,22
7,20,23
7,21,24
7,22,25
7,23,26
7,24,27
7,25,28
7,26,29
7,27,30
7,28,31
7,29,-1
7,30,32
7,31,33
7,32,34
7,33,35
7,34,35
7,35,36
7,36,36
7,37,37
7,38,38
7,39,40
7,40,40
8,1,1
8,2,2
8,3,3
8,4,4
8,5,6
8,6,8
8,7,9
8,8,10
8,9,11
8,10,12
8,11,13
8,12,14
8,13,15
8,14,18
8,15,17
8,16,18
8,17,19
8,18,20
8,19,21
8,20,22
8,21,23
8,22,24
8,23,25
8,24,25
8,25,26
8,26,28
8,27,28
8,28,29
8,29,30
8,30,31
8,31,32
8,32,32
8,33,33
8,34,34
8,35,35
8,36,37
8,37,37
9,1,1
9,2,2
9,3,3
9,4,4
9,5,6
9,6,8
9,7,9
9,8,11
9,9,11
9,10,12
9,11,13
9,12,14
9,13,15
9,14,16
9,15,18
9,16,19
9,17,20
9,18,21
9,19,22
9,20,22
9,21,23
9,22,24
9,23,25
9,24,27
9,25,28
9,26,29
9,27,29
9,28,30
9,29,31
9,30,32
9,31,33
9,32,34
9,33,34
9,34,35
9,35,36
9,36,37
9,37,37
9,38,39
10,1,1
10,2,4
10,3,5
10,4,6
10,5,7
10,6,9
10,7,10
10,8,11
10,9,12
10,10,13
10,11,15
10,12,15
10,13,16
10,14,18
10,15,18
10,16,19
10,17,20
10,18,21
10,19,22
10,20,23
10,21,24
10,22,25
10,23,26
10,24,26
10,25,27
10,26,28
10,27,29
10,28,30
10,29,31
10,30,32
10,31,33
10,32,33
10,33,34
10,34,35
10,35,36
10,36,37
10,37,38
10,38,39
11,1,1
11,2,2
11,3,3
11,4,5
11,5,6
11,6,7
11,7,9
11,8,10
11,9,11
11,10,12
11,11,12
11,12,14
11,13,15
11,14,16
11,15,17
11,16,18
11,17,19
11,18,20
11,19,22
11,20,22
11,21,23
11,22,24
11,23,25
11,24,26
11,25,27
11,26,27
11,27,29
11,28,30
11,29,31
11,30,31
11,31,32
11,32,33
11,33,34
11,34,35
11,35,36
11,36,37
11,37,38
11,38,38
11,39,39
12,1,1
12,2,3
12,3,4
12,4,5
12,5,6
12,6,8
12,7,9
12,8,10
12,9,11
12,10,12
12,11,14
12,12,16
12,13,17
12,14,18
12,15,19
12,16,19
12,17,20
12,18,21
12,19,22
12,20,23
12,21,24
12,22,25
12,23,26
12,24,27
12,25,28
12,26,28
12,27,29
12,28,30
12,29,31
12,30,32
12,31,33
12,32,34
12,33,34
12,34,35
12,35,36
12,36,37
12,37,37
12,38,39
12,39,39
13,1,1
13,2,3
13,3,4
13,4,6
13,5,7
13,6,9
13,7,10
13,8,11
13,9,12
13,10,13
13,11,14
13,12,15
13,13,16
13,14,16
13,15,17
13,16,18
13,17,20
13,18,21
13,19,22
13,20,23
13,21,24
13,22,25
13,23,26
13,24,26
13,25,27
13,26,28
13,27,29
13,28,30
13,29,31
13,30,32
13,31,33
13,32,33
13,33,34
13,34,35
13,35,35
13,36,36
13,37,37
13,38,38
13,39,39
14,1,1
14,2,3
14,3,4
14,4,6
14,5,7
14,6,8
14,7,9
14,8,11
14,9,12
14,10,12
14,11,13
14,12,15
14,13,16
14,14,17
14,15,18
14,16,19
14,17,20
14,18,22
14,19,-1
14,20,23
14,21,24
14,22,25
14,23,26
14,24,27
14,25,28
14,26,28
14,27,29
14,28,30
14,29,31
14,30,32
14,31,33
14,32,34
14,33,35
14,34,36
14,35,-1
14,36,37
14,37,38
14,38,38
14,39,39
14,40,40
15,1,1
15,2,4
15,3,5
15,4,6
15,5,7
15,6,8
15,7,9
15,8,11
15,9,12
15,10,13
15,11,13
15,12,14
15,13,15
15,14,17
15,15,17
15,16,19
15,17,20
15,18,21
15,19,22
15,20,22
15,21,23
15,22,24
15,23,26
15,24,27
15,25,27
15,26,28
15,27,29
15,28,30
15,29,31
15,30,31
15,31,32
15,32,33
15,33,34
15,34,35
15,35,35
15,36,36
15,37,38
15,38,38
16,1,1
16,2,4
16,3,5
16,4,6
16,5,7
16,6,8
16,7,9
16,8,11
16,9,12
16,10,13
16,11,14
16,12,15
16,13,16
16,14,16
16,15,17
16,16,18
16,17,19
16,18,20
16,19,21
16,20,22
16,21,23
16,22,24
16,23,25
16,24,26
16,25,27
16,26,28
16,27,29
16,28,30
16,29,31
16,30,32
16,31,32
16,32,33
16,33,34
16,34,35
16,35,36
16,36,37
16,37,38
16,38,39
17,1,1
17,2,3
17,3,4
17,4,6
17,5,8
17,6,9
17,7,10
17,8,11
17,9,11
17,10,12
17,11,13
17,12,14
17,13,15
17,14,16
17,15,18
17,16,20
17,17,21
17,18,21
17,19,23
17,20,23
17,21,24
17,22,25
17,23,26
17,24,27
17,25,27
17,26,28
17,27,29
17,28,30
17,29,31
17,30,32
17,31,32
17,32,33
17,33,34
17,34,35
17,35,36
17,36,37
17,37,38
18,1,1
18,2,3
18,3,4
18,4,5
18,5,7
18,6,9
18,7,10
18,8,11
18,9,12
18,10,13
18,11,14
18,12,15
18,13,16
18,14,17
18,15,17
18,16,18
18,17,19
18,18,20
18,19,21
18,20,22
18,21,23
18,22,24
18,23,25
18,24,26
18,25,27
18,26,28
18,27,29
18,28,30
18,29,31
18,30,32
18,31,33
18,32,33
18,33,34
18,34,35
18,35,36
18,36,37
18,37,38
18,38,39
18,39,40
18,40,41
19,1,1
19,2,3
19,3,4
19,4,5
19,5,7
19,6,8
19,7,10
19,8,11
19,9,12
19,10,13
19,11,14
19,12,15
19,13,15
19,14,17
19,15,18
19,16,19
19,17,20
19,18,21
19,19,22
19,20,23
19,21,24
19,22,25
19,23,26
19,24,27
19,25,28
19,26,29
19,27,29
19,28,30
19,29,31
19,30,31
19,31,32
19,32,33
19,33,34
19,34,35
19,35,36
19,36,37
19,37,38
19,38,39
20,1,1
20,2,2
20,3,3
20,4,4
20,5,5
20,6,6
20,7,8
20,8,9
20,9,10
20,10,11
20,11,12
20,12,13
20,13,14
20,14,15
20,15,16
20,16,18
20,17,19
20,18,20
20,19,21
20,20,22
20,21,23
20,22,24
20,23,25
20,24,26
20,25,27
20,26,28
20,27,29
20,28,30
20,29,31
20,30,32
20,31,33
20,32,34
20,33,34
20,34,35
20,35,36
21,1,1
21,2,4
21,3,6
21,4,7
21,5,9
21,6,9
21,7,10
21,8,11
21,9,12
21,10,13
21,11,14
21,12,15
21,13,16
21,14,17
21,15,18
21,16,19
21,17,20
21,18,21
21,19,22
21,20,23
21,21,25
21,22,25
21,23,26
21,24,27
21,25,28
21,26,29
21,27,-1
21,28,30
21,29,31
21,30,32
21,31,33
21,32,34
21,33,35
21,34,-1
21,35,-1
21,36,37
21,37,38
21,38,39
22,1,1
22,2,3
22,3,5
22,4,7
22,5,7
22,6,8
22,7,9
22,8,10
22,9,11
22,10,12
22,11,13
22,12,14
22,13,16
22,14,16
22,15,17
22,16,19
22,17,19
22,18,20
22,19,22
22,20,23
22,21,24
22,22,25
22,23,26
22,24,26
22,25,27
22,26,28
22,27,30
22,28,30
22,29,31
22,30,32
22,31,33
22,32,34
22,33,34
22,34,35
22,35,36
22,36,37
22,37,37
22,38,39
22,39,39
23,1,1
23,2,2
23,3,4
23,4,6
23,5,7
23,6,7
23,7,9
23,8,10
23,9,12
23,10,13
23,11,14
23,12,15
23,13,16
23,14,16
23,15,18
23,16,19
23,17,19
23,18,20
23,19,21
23,20,22
23,21,23
23,22,24
23,23,25
23,24,-1
23,25,28
23,26,28
23,27,29
23,28,30
23,29,31
23,30,32
23,31,33
23,32,34
23,33,34
23,34,35
23,35,36
23,36,37
23,37,38
23,38,39
23,39,40
24,1,1
24,2,3
24,3,5
24,4,6
24,5,7
24,6,8
24,7,9
24,8,10
24,9,12
24,10,13
24,11,14
24,12,15
24,13,16
24,14,17
24,15,18
24,16,19
24,17,20
24,18,21
24,19,22
24,20,22
24,21,23
24,22,24
24,23,26
24,24,26
24,25,27
24,26,28
24,27,29
24,28,30
24,29,30
24,30,31
24,31,32
24,32,33
24,33,34
24,34,34
24,35,35
24,36,37
24,37,37
25,1,1
25,2,4
25,3,6
25,4,7
25,5,8
25,6,9
25,7,10
25,8,11
25,9,12
25,10,13
25,11,14
25,12,15
25,13,16
25,14,17
25,15,18
25,16,19
25,17,19
25,18,21
25,19,21
25,20,22
25,21,24
25,22,24
25,23,25
25,24,26
25,25,27
25,26,27
25,27,29
25,28,30
25,29,31
25,30,32
25,31,32
25,32,33
25,33,34
25,34,35
25,35,36
25,36,37
25,37,38
25,38,39
26,1,1
26,2,2
26,3,4
26,4,5
26,5,6
26,6,8
26,7,10
26,8,11
26,9,12
26,10,13
26,11,14
26,12,16
26,13,17
26,14,18
26,15,18
26,16,19
26,17,21
26,18,22
26,19,22
26,20,23
26,21,24
26,22,25
26,23,26
26,24,27
26,25,28
26,26,28
26,27,29
26,28,30
26,29,30
26,30,31
26,31,32
26,32,33
26,33,34
26,34,35
26,35,36
26,36,37
26,37,38
26,38,39
26,39,40
27,1,1
27,2,3
27,3,4
27,4,6
27,5,7
27,6,9
27,7,10
27,8,11
27,9,12
27,10,13
27,11,14
27,12,15
27,13,16
27,14,17
27,15,18
27,16,20
27,17,20
27,18,22
27,19,23
27,20,-1
27,21,25
27,22,-1
27,23,26
27,24,27
27,25,-1
27,26,29
27,27,29
27,28,31
27,29,31
27,30,32
27,31,33
27,32,34
27,33,35
27,34,35
27,35,36
27,36,37
28,1,1
28,2,3
28,3,4
28,4,6
28,5,7
28,6,8
28,7,10
28,8,12
28,9,13
28,10,14
28,11,14
28,12,15
28,13,17
28,14,17
28,15,18
28,16,20
28,17,21
28,18,21
28,19,22
28,20,22
28,21,23
28,22,24
28,23,25
28,24,26
28,25,26
28,26,27
28,27,28
28,28,29
28,29,30
28,30,31
28,31,32
28,32,34
28,33,34
29,1,1
29,2,2
29,3,4
29,4,5
29,5,6
29,6,7
29,7,8
29,8,10
29,9,12
29,10,13
29,11,14
29,12,15
29,13,16
29,14,17
29,15,18
29,16,19
29,17,19
29,18,20
29,19,21
29,20,22
29,21,23
29,22,24
29,23,25
29,24,26
29,25,27
29,26,28
29,27,29
29,28,30
29,29,31
29,30,32
29,31,33
29,32,34
29,33,34
29,34,35
29,35,36
29,36,37
29,37,38
29,38,38
29,39,39
30,1,1
30,2,3
30,3,4
30,4,6
30,5,7
30,6,8
30,7,9
30,8,10
30,9,11
30,10,12
30,11,13
30,12,14
30,13,15
30,14,16
30,15,17
30,16,18
30,17,19
30,18,20
30,19,21
30,20,22
30,21,23
30,22,24
30,23,26
30,24,26
30,25,27
30,26,28
30,27,29
30,28,30
30,29,31
30,30,32
30,31,33
30,32,34
30,33,35
30,34,35
30,35,36
30,36,37
30,37,38
31,1,1
31,2,3
31,3,5
31,4,6
31,5,7
31,6,8
31,7,9
31,8,10
31,9,12
31,10,13
31,11,15
31,12,16
31,13,16
31,14,17
31,15,18
31,16,19
31,17,20
31,18,21
31,19,22
31,20,23
31,21,24
31,22,25
31,23,26
31,24,26
31,25,27
31,26,28
31,27,29
31,28,31
31,29,31
31,30,32
31,31,33
31,32,34
31,33,35
31,34,35
31,35,36
31,36,37
31,37,38
32,1,1
32,2,4
32,3,6
32,4,8
32,5,8
32,6,9
32,7,10
32,8,11
32,9,12
32,10,13
32,11,15
32,12,16
32,13,16
32,14,17
32,15,17
32,16,17
32,17,18
32,18,19
32,19,20
32,20,21
32,21,22
32,22,23
32,23,24
32,24,25
32,25,26
32,26,27
32,27,28
32,28,29
32,29,30
32,30,31
32,31,32
32,32,33
32,33,34
33,1,1
33,2,2
33,3,3
33,4,5
33,5,6
33,6,7
33,7,9
33,8,10
33,9,12
33,10,13
33,11,15
33,12,15
33,13,17
33,14,18
33,15,18
33,16,18
33,17,20
33,18,21
33,19,22
33,20,23
33,21,24
33,22,25
33,23,-1
33,24,27
33,25,28
33,26,29
33,27,29
33,28,30
33,29,31
33,30,32
33,31,33
33,32,33
33,33,34
33,34,35
33,35,36
33,36,37
33,37,38
33,38,38
34,1,1
34,2,4
34,3,6
34,4,8
34,5,8
34,6,9
34,7,10
34,8,11
34,9,13
34,10,14
34,11,14
34,12,15
34,13,16
34,14,17
34,15,18
34,16,20
34,17,21
34,18,22
34,19,22
34,20,23
34,21,24
34,22,25
34,23,25
34,24,27
34,25,28
34,26,-1
34,27,29
34,28,30
34,29,31
34,30,32
34,31,32
34,32,33
34,33,34
34,34,35
34,35,36
34,36,36
35,1,1
35,2,4
35,3,6
35,4,7
35,5,8
35,6,9
35,7,9
35,8,11
35,9,12
35,10,13
35,11,14
35,12,15
35,13,16
35,14,17
35,15,19
35,16,19
35,17,20
35,18,21
35,19,22
35,20,23
35,21,24
35,22,-1
35,23,26
35,24,27
35,25,28
35,26,29
35,27,30
35,28,30
35,29,31
35,30,32
35,31,33
35,32,34
35,33,35
35,34,35
35,35,36
35,36,37
35,37,38
35,38,38
35,39,40
36,1,1
36,2,4
36,3,5
36,4,6
36,5,7
36,6,9
36,7,10
36,8,11
36,9,11
36,10,12
36,11,14
36,12,15
36,13,17
36,14,18
36,15,19
36,16,20
36,17,21
36,18,21
36,19,22
36,20,23
36,21,24
36,22,26
36,23,26
36,24,27
36,25,28
36,26,28
36,27,29
36,28,30
36,29,31
36,30,32
36,31,33
36,32,34
36,33,34
36,34,35
36,35,36
36,36,37
36,37,38
36,38,38
37,1,1
37,2,3
37,3,4
37,4,6
37,5,7
37,6,8
37,7,9
37,8,11
37,9,12
37,10,13
37,11,14
37,12,15
37,13,17
37,14,18
37,15,19
37,16,19
37,17,20
37,18,21
37,19,22
37,20,23
37,21,24
37,22,25
37,23,26
37,24,26
37,25,27
37,26,28
37,27,29
37,28,30
37,29,31
37,30,31
37,31,32
37,32,33
37,33,34
37,34,35
37,35,36
37,36,36
37,37,38
38,1,1
38,2,3
38,3,5
38,4,6
38,5,8
38,6,8
38,7,10
38,8,11
38,9,12
38,10,13
38,11,14
38,12,15
38,13,16
38,14,17
38,15,18
38,16,19
38,17,20
38,18,21
38,19,21
38,20,22
38,21,23
38,22,25
38,23,26
38,24,27
38,25,27
38,26,28
38,27,29
38,28,30
38,29,31
38,30,31
38,31,32
38,32,33
38,33,34
38,34,35
38,35,36
38,36,36
38,37,38
38,38,38
39,1,1
39,2,4
39,3,5
39,4,6
39,5,7
39,6,8
39,7,9
39,8,10
39,9,12
39,10,13
39,11,14
39,12,15
39,13,16
39,14,16
39,15,17
39,16,18
39,17,20
39,18,20
39,19,21
39,20,23
39,21,24
39,22,25
39,23,26
39,24,26
39,25,27
39,26,28
39,27,29
39,28,30
39,29,30
39,30,31
39,31,32
39,32,33
39,33,34
39,34,35
39,35,36
39,36,36
39,37,37
39,38,38
40,1,1
40,2,3
40,3,4
40,4,6
40,5,7
40,6,8
40,7,9
40,8,10
40,9,10
40,10,11
40,11,12
40,12,14
40,13,15
40,14,16
40,15,17
40,16,18
40,17,19
40,18,20
40,19,20
40,20,21
40,21,22
40,22,23
40,23,24
40,24,25
40,25,26
40,26,27
40,27,28
40,28,29
40,29,30
40,30,32
40,31,32
40,32,33
40,33,34
40,34,35
40,35,36
40,36,37
41,1,1
41,2,4
41,3,5
41,4,6
41,5,7
41,6,7
41,7,9
41,8,11
41,9,12
41,10,13
41,11,14
41,12,15
41,13,15
41,14,16
41,15,17
41,16,18
41,17,19
41,18,20
41,19,21
41,20,22
41,21,22
41,22,23
41,23,24
41,24,25
41,25,26
41,26,27
41,27,28
41,28,29
41,29,30
41,30,31
41,31,31
41,32,32
41,33,33
41,34,34
41,35,35
41,36,37
41,37,37
42,1,1
42,2,4
42,3,5
42,4,6
42,5,7
42,6,8
42,7,10
42,8,10
42,9,12
42,10,13
42,11,13
42,12,14
42,13,15
42,14,16
42,15,17
42,16,18
42,17,19
42,18,21
42,19,22
42,20,22
42,21,23
42,22,24
42,23,25
42,24,26
42,25,27
42,26,28
42,27,29
42,28,30
42,29,31
42,30,32
42,31,32
42,32,33
42,33,34
42,34,35
42,35,36
42,36,37
42,37,38
42,38,39
42,39,39
43,1,1
43,2,4
43,3,5
43,4,6
43,5,7
43,6,8
43,7,10
43,8,10
43,9,11
43,10,13
43,11,14
43,12,15
43,13,16
43,14,17
43,15,18
43,16,19
43,17,20
43,18,21
43,19,21
43,20,22
43,21,23
43,22,24
43,23,25
43,24,26
43,25,27
43,26,28
43,27,29
43,28,30
43,29,30
43,30,31
43,31,32
43,32,33
43,33,34
43,34,35
43,35,36
43,36,37
43,37,38
43,38,39
43,39,40
44,1,1
44,2,2
44,3,4
44,4,5
44,5,6
44,6,8
44,7,9
44,8,10
44,9,11
44,10,12
44,11,13
44,12,14
44,13,15
44,14,16
44,15,17
44,16,18
44,17,19
44,18,20
44,19,21
44,20,22
44,21,24
44,22,24
44,23,25
44,24,26
44,25,27
44,26,28
44,27,29
44,28,30
44,29,31
44,30,32
44,31,33
44,32,34
44,33,35
44,34,36
44,35,36
44,36,37
44,37,38
44,38,38
45,1,1
45,2,2
45,3,4
45,4,6
45,5,8
45,6,10
45,7,11
45,8,12
45,9,12
45,10,13
45,11,14
45,12,15
45,13,16
45,14,16
45,15,17
45,16,18
45,17,19
45,18,20
45,19,21
45,20,22
45,21,23
45,22,24
45,23,25
45,24,26
45,25,27
45,26,27
45,27,28
45,28,29
45,29,30
45,30,31
45,31,32
45,32,33
45,33,34
45,34,35
45,35,36
45,36,37
45,37,37
45,38,38
46,1,1
46,2,3
46,3,5
46,4,7
46,5,8
46,6,9
46,7,10
46,8,11
46,9,12
46,10,13
46,11,14
46,12,15
46,13,16
46,14,17
46,15,18
46,16,18
46,17,20
46,18,21
46,19,22
46,20,-1
46,21,24
46,22,25
46,23,25
46,24,26
46,25,27
46,26,28
46,27,29
46,28,30
46,29,31
46,30,32
46,31,33
46,32,33
46,33,34
46,34,35
46,35,36
46,36,37
46,37,38
46,38,39
46,39,40
47,1,1
47,2,3
47,3,5
47,4,7
47,5,8
47,6,10
47,7,12
47,8,12
47,9,13
47,10,14
47,11,14
47,12,15
47,13,16
47,14,17
47,15,18
47,16,19
47,17,21
47,18,22
47,19,23
47,20,24
47,21,-1
47,22,-1
47,23,-1
47,24,-1
47,25,28
47,26,29
47,27,29
47,28,30
47,29,31
47,30,32
47,31,33
47,32,34
47,33,35
47,34,36
47,35,-1
47,36,37
47,37,38
47,38,39
47,39,40
48,1,1
48,2,4
48,3,6
48,4,7
48,5,8
48,6,9
48,7,10
48,8,11
48,9,12
48,10,12
48,11,14
48,12,15
48,13,16
48,14,17
48,15,18
48,16,20
48,17,20
48,18,21
48,19,22
48,20,24
48,21,24
48,22,25
48,23,25
48,24,26
48,25,27
48,26,29
48,27,29
48,28,30
48,29,31
48,30,32
48,31,33
48,32,34
48,33,35
48,34,35
48,35,36
48,36,37
49,1,1
49,2,2
49,3,4
49,4,5
49,5,7
49,6,9
49,7,10
49,8,10
49,9,11
49,10,12
49,11,13
49,12,14
49,13,14
49,14,15
49,15,16
49,16,17
49,17,18
49,18,19
49,19,20
49,20,21
49,21,22
49,22,23
49,23,24
49,24,25
49,25,27
49,26,27
49,27,28
49,28,29
49,29,30
49,30,31
49,31,32
49,32,33
49,33,34
49,34,35
49,35,36
49,36,37
49,37,38
49,38,39
49,39,39
50,1,1
50,2,3
50,3,5
50,4,7
50,5,9
50,6,9
50,7,10
50,8,11
50,9,13
50,10,14
50,11,15
50,12,16
50,13,17
50,14,18
50,15,19
50,16,20
50,17,20
50,18,21
50,19,21
50,20,22
50,21,23
50,22,25
50,23,26
50,24,27
50,25,28
50,26,29
50,27,30
50,28,-1
50,29,31
50,30,32
50,31,33
50,32,34
50,33,35
50,34,-1
50,35,-1
50,36,37
50,37,38
50,38,39
50,39,40
50,40,40
