InstanceID,h*(s),h(s),h*/h
1.0,614.0,465.0,1.3204301075268816,
2.0,737.0,525.0,1.4038095238095238,
3.0,655.0,397.0,1.649874055415617,
4.0,477.0,337.0,1.4154302670623145,
5.0,689.0,450.0,1.531111111111111,
6.0,624.0,474.0,1.3164556962025316,
7.0,588.0,367.0,1.6021798365122615,
8.0,577.0,392.0,1.471938775510204,
9.0,618.0,458.0,1.3493449781659388,
10.0,569.0,342.0,1.6637426900584795,
11.0,442.0,327.0,1.3516819571865444,
12.0,612.0,442.0,1.3846153846153846,
13.0,520.0,411.0,1.2652068126520681,
14.0,778.0,478.0,1.6276150627615062,
15.0,553.0,433.0,1.2771362586605082,
16.0,796.0,576.0,1.3819444444444444,
17.0,500.0,309.0,1.6181229773462784,
18.0,546.0,379.0,1.4406332453825859,
19.0,602.0,342.0,1.760233918128655,
20.0,593.0,372.0,1.5940860215053763,
21.0,566.0,384.0,1.4739583333333333,
22.0,738.0,492.0,1.5,
23.0,693.0,456.0,1.519736842105263,
24.0,661.0,497.0,1.3299798792756539,
25.0,524.0,388.0,1.3505154639175259,
26.0,503.0,264.0,1.9053030303030303,
27.0,435.0,324.0,1.3425925925925926,
28.0,562.0,456.0,1.2324561403508771,
29.0,443.0,327.0,1.3547400611620795,
30.0,609.0,457.0,1.3326039387308535,
31.0,415.0,260.0,1.5961538461538463,
32.0,442.0,297.0,1.4882154882154883,
33.0,544.0,391.0,1.391304347826087,
34.0,696.0,544.0,1.2794117647058822,
35.0,603.0,427.0,1.4121779859484778,
36.0,525.0,371.0,1.4150943396226414,
37.0,509.0,427.0,1.1920374707259953,
38.0,616.0,452.0,1.3628318584070795,
39.0,664.0,434.0,1.5299539170506913,
40.0,604.0,442.0,1.3665158371040724,
41.0,647.0,439.0,1.4738041002277904,
42.0,529.0,333.0,1.5885885885885886,
43.0,738.0,421.0,1.7529691211401426,
44.0,629.0,523.0,1.2026768642447419,
45.0,367.0,277.0,1.3249097472924187,
46.0,653.0,475.0,1.3747368421052633,
47.0,518.0,386.0,1.3419689119170986,
48.0,634.0,472.0,1.3432203389830508,
49.0,449.0,391.0,1.1483375959079285,
50.0,589.0,408.0,1.4436274509803921,
51.0,455.0,303.0,1.5016501650165017,
52.0,630.0,534.0,1.1797752808988764,
53.0,554.0,361.0,1.5346260387811634,
54.0,618.0,414.0,1.4927536231884058,
55.0,624.0,395.0,1.579746835443038,
56.0,286.0,182.0,1.5714285714285714,
57.0,506.0,402.0,1.2587064676616915,
58.0,713.0,504.0,1.4146825396825398,
59.0,541.0,378.0,1.4312169312169312,
60.0,466.0,315.0,1.4793650793650794,
61.0,631.0,396.0,1.5934343434343434,
62.0,605.0,436.0,1.3876146788990826,
63.0,683.0,466.0,1.4656652360515021,
64.0,455.0,338.0,1.3461538461538463,
65.0,502.0,367.0,1.3678474114441417,
66.0,440.0,290.0,1.5172413793103448,
67.0,451.0,357.0,1.2633053221288515,
68.0,620.0,464.0,1.3362068965517242,
69.0,439.0,323.0,1.3591331269349844,
70.0,534.0,420.0,1.2714285714285714,
71.0,568.0,443.0,1.2821670428893905,
72.0,483.0,363.0,1.3305785123966942,
73.0,552.0,356.0,1.550561797752809,
74.0,597.0,449.0,1.329621380846325,
75.0,614.0,422.0,1.4549763033175356,
76.0,441.0,323.0,1.3653250773993808,
77.0,459.0,325.0,1.4123076923076923,
78.0,646.0,505.0,1.2792079207920792,
79.0,626.0,414.0,1.5120772946859904,
80.0,506.0,388.0,1.3041237113402062,
81.0,697.0,501.0,1.3912175648702594,
82.0,576.0,407.0,1.4152334152334152,
83.0,509.0,416.0,1.2235576923076923,
84.0,804.0,601.0,1.3377703826955074,
85.0,738.0,496.0,1.4879032258064515,
86.0,631.0,423.0,1.491725768321513,
87.0,595.0,392.0,1.5178571428571428,
88.0,511.0,333.0,1.5345345345345345,
89.0,518.0,389.0,1.3316195372750643,
90.0,760.0,553.0,1.3743218806509945,
91.0,629.0,416.0,1.5120192307692308,
92.0,523.0,326.0,1.6042944785276074,
93.0,469.0,310.0,1.5129032258064516,
94.0,614.0,466.0,1.3175965665236051,
95.0,807.0,549.0,1.469945355191257,
96.0,610.0,470.0,1.297872340425532,
97.0,452.0,324.0,1.3950617283950617,
98.0,728.0,479.0,1.5198329853862214,
99.0,636.0,425.0,1.4964705882352942,
100.0,748.0,596.0,1.25503355704698,
